0 0.278354 0.470976 0.053095 0.062622 0.000000 0.000000 0 0.000000 0.000000 0 0.000000 0.000000 0 0.256831 0.457730 2 0.000000 0.000000 0 0.262200 0.465296 2 0.263203 0.463660 2 0.262581 0.477642 2 0.263283 0.476105 2 0.258122 0.484717 2 0.259645 0.478659 2 0.276656 0.475456 2 0.276312 0.475346 2 0.280639 0.484464 2 0.280224 0.482646 2 0.293264 0.487358 2 0.289282 0.486327 2
0 0.669199 0.847412 0.038335 0.049691 0.680621 0.844389 2 0.000000 0.000000 0 0.680888 0.842446 2 0.679027 0.837617 2 0.681125 0.839672 2 0.672690 0.835440 2 0.678685 0.848658 2 0.663283 0.836327 2 0.672019 0.858976 2 0.000000 0.000000 0 0.000000 0.000000 0 0.662058 0.857618 2 0.667125 0.863091 2 0.000000 0.000000 0 0.664028 0.859162 2 0.000000 0.000000 0 0.000000 0.000000 0
0 0.425754 0.840328 0.034639 0.062450 0.000000 0.000000 0 0.000000 0.000000 0 0.000000 0.000000 0 0.431016 0.842248 2 0.434693 0.843158 2 0.426280 0.839901 2 0.431075 0.845586 2 0.421183 0.826264 2 0.429500 0.824102 2 0.419667 0.825665 2 0.426109 0.817131 2 0.416344 0.843747 2 0.419924 0.845438 2 0.419785 0.836139 2 0.424806 0.837947 2 0.415956 0.834499 2 0.420363 0.834115 2
0 0.792390 0.749955 0.109789 0.065698 0.837954 0.753806 2 0.000000 0.000000 0 0.838300 0.750789 2 0.000000 0.000000 0 0.835745 0.745035 2 0.826005 0.735593 2 0.827130 0.751331 2 0.822797 0.736244 2 0.826409 0.762004 2 0.828580 0.741820 2 0.833311 0.756937 2 0.798079 0.742590 2 0.800059 0.745592 2 0.778589 0.753589 2 0.779211 0.764278 2 0.753765 0.753907 2 0.753480 0.761154 2
0 0.162929 0.254190 0.024993 0.036777 0.000000 0.000000 0 0.000000 0.000000 0 0.000000 0.000000 0 0.161714 0.248075 2 0.163977 0.243850 2 0.162471 0.256665 2 0.167117 0.244032 2 0.157786 0.262479 2 0.167524 0.243466 2 0.153064 0.263983 2 0.164976 0.248029 2 0.168771 0.261935 2 0.171907 0.255919 2 0.168143 0.259730 2 0.172779 0.250539 2 0.170322 0.259740 2 0.174759 0.254552 2
0 0.947980 0.263422 0.019662 0.069261 0.000000 0.000000 0 0.000000 0.000000 0 0.000000 0.000000 0 0.000000 0.000000 0 0.000000 0.000000 0 0.000000 0.000000 0 0.000000 0.000000 0 0.000000 0.000000 0 0.000000 0.000000 0 0.000000 0.000000 0 0.000000 0.000000 0 0.000000 0.000000 0 0.000000 0.000000 0 0.955094 0.263571 2 0.955911 0.264022 2 0.948761 0.275793 2 0.947321 0.276056 2
0 0.163942 0.256848 0.025654 0.042595 0.160989 0.248082 2 0.161318 0.246892 2 0.000000 0.000000 0 0.162580 0.246049 2 0.163459 0.242828 2 0.162989 0.255287 2 0.167010 0.242649 2 0.158848 0.261914 2 0.167257 0.239231 2 0.154094 0.264378 2 0.165017 0.241730 2 0.168876 0.262205 2 0.171978 0.256786 2 0.166577 0.266454 2 0.172564 0.259355 2 0.169452 0.268605 2 0.175642 0.264399 2
0 0.284843 0.165071 0.026714 0.030134 0.000000 0.000000 0 0.000000 0.000000 0 0.000000 0.000000 0 0.276250 0.160268 2 0.280129 0.158015 2 0.276848 0.167421 2 0.282673 0.165457 2 0.277069 0.162851 2 0.289569 0.168698 2 0.000000 0.000000 0 0.294853 0.167746 2 0.284062 0.176093 2 0.287483 0.176131 2 0.287958 0.173957 2 0.290429 0.171280 2 0.298397 0.170802 2 0.299905 0.168044 2
0 0.285294 0.167331 0.028265 0.039928 0.000000 0.000000 0 0.000000 0.000000 0 0.000000 0.000000 0 0.275273 0.160651 2 0.000000 0.000000 0 0.276575 0.168234 2 0.281486 0.162824 2 0.281665 0.174278 2 0.289066 0.166861 2 0.290739 0.170794 2 0.294725 0.168856 2 0.281807 0.179882 2 0.284801 0.177805 2 0.283796 0.187110 2 0.286572 0.181582 2 0.293716 0.184290 2 0.295455 0.181009 2
0 0.284538 0.165561 0.026097 0.032385 0.000000 0.000000 0 0.000000 0.000000 0 0.000000 0.000000 0 0.275987 0.160716 2 0.279604 0.158149 2 0.277006 0.167815 2 0.282346 0.165574 2 0.276761 0.162108 2 0.289281 0.168245 2 0.276996 0.157786 2 0.293611 0.168857 2 0.283904 0.176385 2 0.287018 0.175931 2 0.286604 0.176331 2 0.288895 0.173366 2 0.297134 0.172160 2 0.298550 0.169375 2
0 0.343652 0.199217 0.015030 0.050574 0.348027 0.187751 2 0.000000 0.000000 0 0.348117 0.185738 2 0.000000 0.000000 0 0.346363 0.185751 2 0.340318 0.193421 2 0.344290 0.195509 2 0.338224 0.202374 2 0.345835 0.204906 2 0.339939 0.210557 2 0.347094 0.208686 2 0.340097 0.215724 2 0.342992 0.217037 2 0.342819 0.214386 2 0.345285 0.213908 2 0.342027 0.218288 2 0.343417 0.216109 2