0 0.666340 0.416885 0.059636 0.045718 0.000000 0.000000 0 0.000000 0.000000 0 0.000000 0.000000 0 0.641789 0.409545 2 0.646035 0.404453 2 0.647005 0.419663 2 0.650478 0.408971 2 0.000000 0.000000 0 0.663461 0.412289 2 0.000000 0.000000 0 0.668377 0.416798 2 0.664763 0.420740 2 0.666611 0.419087 2 0.678246 0.430915 2 0.680895 0.426828 2 0.691589 0.432373 2 0.693087 0.426961 2
0 0.599676 0.541097 0.112746 0.053789 0.647664 0.538617 2 0.649126 0.535889 2 0.647928 0.534835 2 0.000000 0.000000 0 0.647471 0.531578 2 0.635380 0.540180 2 0.641627 0.537277 2 0.630129 0.545542 2 0.636716 0.543639 2 0.000000 0.000000 0 0.641087 0.537817 2 0.604813 0.544968 2 0.610194 0.537623 2 0.576692 0.540919 2 0.575753 0.540450 2 0.550125 0.543994 2 0.547649 0.544287 2
0 0.245292 0.805109 0.065273 0.082173 0.000000 0.000000 0 0.000000 0.000000 0 0.000000 0.000000 0 0.270756 0.823700 2 0.273968 0.823784 2 0.262858 0.830346 2 0.272540 0.829888 2 0.251705 0.822120 2 0.263704 0.823853 2 0.249028 0.819040 2 0.260101 0.819307 2 0.250579 0.825068 2 0.257979 0.821490 2 0.236429 0.799202 2 0.245915 0.801922 2 0.224339 0.780462 2 0.239184 0.783825 2
0 0.393863 0.860434 0.066754 0.055795 0.421048 0.857391 2 0.000000 0.000000 0 0.421148 0.854915 2 0.000000 0.000000 0 0.419214 0.851503 2 0.413950 0.852657 2 0.412406 0.857652 2 0.406907 0.869109 2 0.403720 0.870568 2 0.410396 0.881387 2 0.407888 0.877933 2 0.385976 0.860136 2 0.385850 0.856760 2 0.367204 0.863172 2 0.362419 0.866894 2 0.352328 0.855520 2 0.345841 0.860439 2
0 0.908280 0.320345 0.045766 0.047300 0.927684 0.307105 2 0.928492 0.305969 2 0.927260 0.304428 2 0.000000 0.000000 0 0.924489 0.304867 2 0.919511 0.311506 2 0.920830 0.316975 2 0.912067 0.312534 2 0.922439 0.325608 2 0.912422 0.310118 2 0.923882 0.315268 2 0.908233 0.330359 2 0.908560 0.330333 2 0.904304 0.315451 2 0.906337 0.316301 2 0.895090 0.327205 2 0.899219 0.325460 2
0 0.068949 0.270209 0.080344 0.139335 0.000000 0.000000 0 0.000000 0.000000 0 0.000000 0.000000 0 0.000000 0.000000 0 0.000000 0.000000 0 0.000000 0.000000 0 0.000000 0.000000 0 0.000000 0.000000 0 0.000000 0.000000 0 0.000000 0.000000 0 0.000000 0.000000 0 0.000000 0.000000 0 0.000000 0.000000 0 0.057029 0.240595 2 0.057033 0.241351 2 0.042424 0.299245 2 0.044364 0.299676 2
0 0.099989 0.670577 0.042897 0.069554 0.094194 0.687319 2 0.094162 0.686143 2 0.000000 0.000000 0 0.095017 0.681974 2 0.000000 0.000000 0 0.098039 0.683636 2 0.095217 0.669237 2 0.099934 0.687039 2 0.090190 0.648496 2 0.101823 0.693195 2 0.082482 0.639485 2 0.106563 0.676712 2 0.104881 0.673853 2 0.110181 0.691910 2 0.105679 0.689701 2 0.119584 0.689756 2 0.112249 0.690399 2
0 0.242034 0.265743 0.039404 0.035914 0.000000 0.000000 0 0.000000 0.000000 0 0.000000 0.000000 0 0.237220 0.260079 2 0.240628 0.255672 2 0.237888 0.266915 2 0.244604 0.256344 2 0.230329 0.273746 2 0.242507 0.261412 2 0.224798 0.274950 2 0.235814 0.267948 2 0.250815 0.264205 2 0.255077 0.260026 2 0.252905 0.271655 2 0.256991 0.264018 2 0.259595 0.269655 2 0.260238 0.265737 2
0 0.371025 0.166087 0.029048 0.045240 0.000000 0.000000 0 0.000000 0.000000 0 0.000000 0.000000 0 0.364185 0.157429 2 0.368487 0.154000 2 0.364893 0.168229 2 0.372116 0.161094 2 0.360754 0.175694 2 0.376462 0.162373 2 0.357031 0.178847 2 0.000000 0.000000 0 0.373523 0.174426 2 0.377530 0.172432 2 0.378790 0.175509 2 0.379859 0.173907 2 0.384751 0.179576 2 0.384304 0.177548 2
0 0.120369 0.195033 0.011269 0.031129 0.000000 0.000000 0 0.000000 0.000000 0 0.000000 0.000000 0 0.000000 0.000000 0 0.000000 0.000000 0 0.117137 0.186732 2 0.119397 0.187365 2 0.000000 0.000000 0 0.121937 0.196375 2 0.000000 0.000000 0 0.000000 0.000000 0 0.118124 0.195773 2 0.119686 0.196468 2 0.120251 0.198002 2 0.121387 0.197214 2 0.123657 0.204921 2 0.124278 0.204878 2
0 0.247405 0.267559 0.051392 0.038590 0.237181 0.262359 2 0.000000 0.000000 0 0.000000 0.000000 0 0.236870 0.259759 2 0.240452 0.256468 2 0.238204 0.266678 2 0.245212 0.258081 2 0.229969 0.272906 2 0.242362 0.260850 2 0.224387 0.275461 2 0.232983 0.267749 2 0.254187 0.267820 2 0.258004 0.265113 2 0.261503 0.273025 2 0.263764 0.267799 2 0.270999 0.273478 2 0.269319 0.270481 2