0 0.721646 0.470976 0.053095 0.062622 0.000000 0.000000 0 0.000000 0.000000 0 0.000000 0.000000 0 0.000000 0.000000 0 0.743169 0.457730 2 0.736797 0.463660 2 0.737800 0.465296 2 0.736717 0.476105 2 0.737419 0.477642 2 0.740355 0.478659 2 0.741878 0.484717 2 0.723688 0.475346 2 0.723344 0.475456 2 0.719776 0.482646 2 0.719361 0.484464 2 0.710718 0.486327 2 0.706736 0.487358 2
0 0.330801 0.847412 0.038335 0.049691 0.319379 0.844389 2 0.319112 0.842446 2 0.000000 0.000000 0 0.318875 0.839672 2 0.320973 0.837617 2 0.321315 0.848658 2 0.327310 0.835440 2 0.327981 0.858976 2 0.336717 0.836327 2 0.000000 0.000000 0 0.000000 0.000000 0 0.332875 0.863091 2 0.337942 0.857618 2 0.335972 0.859162 2 0.000000 0.000000 0 0.000000 0.000000 0 0.000000 0.000000 0
0 0.574246 0.840328 0.034639 0.062450 0.000000 0.000000 0 0.000000 0.000000 0 0.000000 0.000000 0 0.565307 0.843158 2 0.568984 0.842248 2 0.568925 0.845586 2 0.573720 0.839901 2 0.570500 0.824102 2 0.578817 0.826264 2 0.573891 0.817131 2 0.580333 0.825665 2 0.580076 0.845438 2 0.583656 0.843747 2 0.575194 0.837947 2 0.580215 0.836139 2 0.579637 0.834115 2 0.584044 0.834499 2
0 0.207610 0.749955 0.109789 0.065698 0.162046 0.753806 2 0.161700 0.750789 2 0.000000 0.000000 0 0.164255 0.745035 2 0.000000 0.000000 0 0.172870 0.751331 2 0.173995 0.735593 2 0.173591 0.762004 2 0.177203 0.736244 2 0.166689 0.756937 2 0.171420 0.741820 2 0.199941 0.745592 2 0.201921 0.742590 2 0.220789 0.764278 2 0.221411 0.753589 2 0.246520 0.761154 2 0.246235 0.753907 2
0 0.837071 0.254190 0.024993 0.036777 0.000000 0.000000 0 0.000000 0.000000 0 0.000000 0.000000 0 0.836023 0.243850 2 0.838286 0.248075 2 0.832883 0.244032 2 0.837529 0.256665 2 0.832476 0.243466 2 0.842214 0.262479 2 0.835024 0.248029 2 0.846936 0.263983 2 0.828093 0.255919 2 0.831229 0.261935 2 0.827221 0.250539 2 0.831857 0.259730 2 0.825241 0.254552 2 0.829678 0.259740 2
0 0.052020 0.263422 0.019662 0.069261 0.000000 0.000000 0 0.000000 0.000000 0 0.000000 0.000000 0 0.000000 0.000000 0 0.000000 0.000000 0 0.000000 0.000000 0 0.000000 0.000000 0 0.000000 0.000000 0 0.000000 0.000000 0 0.000000 0.000000 0 0.000000 0.000000 0 0.000000 0.000000 0 0.000000 0.000000 0 0.044089 0.264022 2 0.044906 0.263571 2 0.052679 0.276056 2 0.051239 0.275793 2
0 0.836058 0.256848 0.025654 0.042595 0.839011 0.248082 2 0.000000 0.000000 0 0.838682 0.246892 2 0.836541 0.242828 2 0.837420 0.246049 2 0.832990 0.242649 2 0.837011 0.255287 2 0.832743 0.239231 2 0.841152 0.261914 2 0.834983 0.241730 2 0.845906 0.264378 2 0.828022 0.256786 2 0.831124 0.262205 2 0.827436 0.259355 2 0.833423 0.266454 2 0.824358 0.264399 2 0.830548 0.268605 2
0 0.715157 0.165071 0.026714 0.030134 0.000000 0.000000 0 0.000000 0.000000 0 0.000000 0.000000 0 0.719871 0.158015 2 0.723750 0.160268 2 0.717327 0.165457 2 0.723152 0.167421 2 0.710431 0.168698 2 0.722931 0.162851 2 0.705147 0.167746 2 0.000000 0.000000 0 0.712517 0.176131 2 0.715938 0.176093 2 0.709571 0.171280 2 0.712042 0.173957 2 0.700095 0.168044 2 0.701603 0.170802 2
0 0.714706 0.167331 0.028265 0.039928 0.000000 0.000000 0 0.000000 0.000000 0 0.000000 0.000000 0 0.000000 0.000000 0 0.724727 0.160651 2 0.718514 0.162824 2 0.723425 0.168234 2 0.710934 0.166861 2 0.718335 0.174278 2 0.705275 0.168856 2 0.709261 0.170794 2 0.715199 0.177805 2 0.718193 0.179882 2 0.713428 0.181582 2 0.716204 0.187110 2 0.704545 0.181009 2 0.706284 0.184290 2
0 0.715462 0.165561 0.026097 0.032385 0.000000 0.000000 0 0.000000 0.000000 0 0.000000 0.000000 0 0.720396 0.158149 2 0.724013 0.160716 2 0.717654 0.165574 2 0.722994 0.167815 2 0.710719 0.168245 2 0.723239 0.162108 2 0.706389 0.168857 2 0.723004 0.157786 2 0.712982 0.175931 2 0.716096 0.176385 2 0.711105 0.173366 2 0.713396 0.176331 2 0.701450 0.169375 2 0.702866 0.172160 2
0 0.656348 0.199217 0.015030 0.050574 0.651973 0.187751 2 0.651883 0.185738 2 0.000000 0.000000 0 0.653637 0.185751 2 0.000000 0.000000 0 0.655710 0.195509 2 0.659682 0.193421 2 0.654165 0.204906 2 0.661776 0.202374 2 0.652906 0.208686 2 0.660061 0.210557 2 0.657008 0.217037 2 0.659903 0.215724 2 0.654715 0.213908 2 0.657181 0.214386 2 0.656583 0.216109 2 0.657973 0.218288 2