0 0.540226 0.179750 0.069621 0.050197
0 0.164991 0.238589 0.097032 0.115250
0 0.983567 0.694165 0.032992 0.079423
0 0.922582 0.239401 0.053277 0.076995
0 0.448928 0.471760 0.081789 0.052974
0 0.114776 0.331775 0.060431 0.089393
0 0.913787 0.250470 0.036093 0.053369
0 0.756624 0.174791 0.079482 0.090888
0 0.030186 0.609848 0.057699 0.077041
0 0.017720 0.596434 0.034770 0.051168
0 0.543460 0.557678 0.025722 0.061927
0 0.066963 0.862011 0.061692 0.198634
0 0.872198 0.717086 0.085798 0.105205
0 0.139635 0.227075 0.039835 0.091783