0 0.143678 0.263357 0.067759 0.077656
0 0.178006 0.937621 0.037351 0.059643
0 0.880411 0.283577 0.043959 0.063483
0 0.298742 0.824230 0.068159 0.127534
0 0.477391 0.179833 0.054940 0.074446
0 0.757614 0.429799 0.045128 0.044120
0 0.432038 0.594067 0.069840 0.052307
0 0.583899 0.174837 0.032139 0.091980
0 0.867293 0.294215 0.068311 0.085000
0 0.441783 0.260247 0.069487 0.033225
0 0.514854 0.857773 0.072584 0.081373
0 0.012235 0.579583 0.024307 0.042580
0 0.235123 0.705345 0.049671 0.069522
0 0.575327 0.146677 0.009707 0.036297