0 0.252705 0.510171 0.074412 0.047170
0 0.755741 0.852546 0.062178 0.090250
0 0.823516 0.415387 0.069030 0.055417
0 0.514689 0.906787 0.020324 0.082026
0 0.208022 0.238403 0.112100 0.102557
0 0.840425 0.315133 0.050416 0.059234
0 0.913601 0.762709 0.080492 0.101138
0 0.486969 0.247322 0.068536 0.041927
0 0.486202 0.205770 0.055944 0.041753
0 0.365063 0.594184 0.026470 0.069476
0 0.431349 0.264932 0.181255 0.078892
0 0.484663 0.227223 0.072212 0.084613
0 0.231735 0.224241 0.065379 0.058907
0 0.012163 0.588555 0.024210 0.051859