0 0.647025 0.449947 0.060986 0.112140
0 0.545856 0.586719 0.073554 0.053558
0 0.862165 0.299112 0.057960 0.075448
0 0.282752 0.831457 0.050641 0.048042
0 0.424116 0.195319 0.058196 0.091153
0 0.398961 0.833134 0.052006 0.129575
0 0.547054 0.201222 0.063350 0.053809
0 0.333197 0.278346 0.062147 0.041851
0 0.124540 0.273498 0.041736 0.064886
0 0.527207 0.155099 0.036731 0.050440
0 0.186791 0.706468 0.066914 0.065531
0 0.116933 0.284105 0.025680 0.043293
0 0.629234 0.866419 0.091872 0.081669
0 0.282478 0.806821 0.052194 0.097193
0 0.296130 0.834731 0.022521 0.038414