0 0.528980 0.201980 0.068808 0.046358
0 0.619481 0.734962 0.068224 0.105781
0 0.754953 0.642728 0.050146 0.054226
0 0.281343 0.243122 0.060646 0.039067
0 0.865663 0.166411 0.020787 0.060167
0 0.322415 0.204932 0.053894 0.038877
0 0.393950 0.270645 0.042372 0.052413
0 0.764970 0.127800 0.070259 0.075220
0 0.616017 0.530417 0.063044 0.099287
0 0.413590 0.714765 0.067343 0.068452
0 0.216505 0.495425 0.077320 0.045326
0 0.780024 0.117026 0.034618 0.052929
0 0.925592 0.593107 0.048251 0.047246
0 0.619825 0.708190 0.067542 0.051434