0 0.803546 0.630929 0.045743 0.039583
0 0.028827 0.631813 0.055228 0.092094
0 0.265414 0.204442 0.053549 0.040524
0 0.031225 0.608209 0.049684 0.045372
0 0.674340 0.696669 0.072884 0.052883
0 0.562643 0.555482 0.060395 0.060599
0 0.183932 0.257102 0.086666 0.046161
0 0.714779 0.162948 0.036776 0.029537
0 0.452299 0.206923 0.071632 0.043998
0 0.856525 0.110690 0.025099 0.041791
0 0.866845 0.155660 0.028978 0.044825
0 0.279659 0.504958 0.081446 0.059127
0 0.277263 0.202546 0.027408 0.036366
0 0.208933 0.258240 0.036778 0.036070