0 0.514429 0.477200 0.078904 0.079120
0 0.706093 0.717758 0.061454 0.146335
0 0.699830 0.173065 0.064995 0.047678
0 0.540276 0.548976 0.036263 0.098300
0 0.470558 0.219761 0.074239 0.059598
0 0.161674 0.227398 0.046527 0.097587
0 0.910812 0.688065 0.085839 0.079848
0 0.661994 0.859977 0.068052 0.033900
0 0.113173 0.309200 0.048559 0.132208
0 0.109523 0.282348 0.039694 0.077686
0 0.914541 0.330429 0.050196 0.053164
0 0.709334 0.210030 0.076713 0.054659
0 0.726498 0.208236 0.043149 0.048657
0 0.922598 0.243255 0.051901 0.075736