0 0.455165 0.551715 0.025465 0.082231
0 0.971765 0.626521 0.056569 0.102542
0 0.105435 0.257815 0.037508 0.063217
0 0.734469 0.239533 0.072359 0.045653
0 0.418562 0.699237 0.077835 0.068672
0 0.602114 0.469503 0.083418 0.039264
0 0.406412 0.174973 0.072118 0.052891
0 0.812220 0.299086 0.013541 0.032329
0 0.859201 0.243714 0.018465 0.040311
0 0.189121 0.183672 0.062202 0.063065
0 0.543261 0.425831 0.007892 0.021874
0 0.670577 0.434966 0.010196 0.036639
0 0.716298 0.235326 0.036253 0.036373
0 0.864393 0.252781 0.044566 0.104090