0 0.856322 0.263357 0.067759 0.077656
0 0.821994 0.937621 0.037351 0.059643
0 0.119589 0.283577 0.043959 0.063483
0 0.701258 0.824230 0.068159 0.127534
0 0.522609 0.179833 0.054940 0.074446
0 0.242386 0.429799 0.045128 0.044120
0 0.567962 0.594067 0.069840 0.052307
0 0.416101 0.174837 0.032139 0.091980
0 0.132707 0.294215 0.068311 0.085000
0 0.558217 0.260247 0.069487 0.033225
0 0.485146 0.857773 0.072584 0.081373
0 0.987765 0.579583 0.024307 0.042580
0 0.764877 0.705345 0.049671 0.069522
0 0.424673 0.146677 0.009707 0.036297