0 0.459821 0.713657 0.053794 0.054552
0 0.366377 0.190322 0.068632 0.049264
0 0.321691 0.652291 0.037926 0.042929
0 0.141134 0.158206 0.021530 0.071191
0 0.495190 0.240929 0.042879 0.052754
0 0.163368 0.098502 0.026867 0.046153
0 0.181034 0.109522 0.066022 0.068498
0 0.611169 0.248824 0.063353 0.031806
0 0.577484 0.214480 0.061459 0.038096
0 0.165313 0.134719 0.070944 0.118756
0 0.154487 0.111074 0.046747 0.072208
0 0.859340 0.501328 0.048528 0.031077
0 0.853024 0.508448 0.069202 0.050857
0 0.833655 0.163983 0.015562 0.041184
0 0.281357 0.517932 0.068536 0.042284
0 0.985766 0.652557 0.028117 0.052155