0 0.431453 0.697553 0.060510 0.098915
0 0.106221 0.260979 0.040267 0.076646
0 0.212964 0.694518 0.082042 0.104196
0 0.079063 0.660706 0.028862 0.065888
0 0.384057 0.163600 0.074924 0.036290
0 0.176093 0.131271 0.022558 0.042936
0 0.698665 0.232599 0.069903 0.049795
0 0.454846 0.559715 0.020853 0.051449
0 0.187670 0.370804 0.025476 0.081472
0 0.837306 0.204495 0.029922 0.054120
0 0.186569 0.137360 0.044503 0.056070
0 0.772194 0.294863 0.030366 0.028407
0 0.791798 0.298069 0.068674 0.034939
0 0.623575 0.475903 0.086370 0.044613
0 0.092474 0.642352 0.055612 0.103354
0 0.162414 0.170064 0.030502 0.044393
0 0.172184 0.156901 0.066433 0.095273
0 0.166892 0.179177 0.056540 0.062891