0 0.568547 0.697553 0.060510 0.098915
0 0.893779 0.260979 0.040267 0.076646
0 0.787036 0.694518 0.082042 0.104196
0 0.920937 0.660706 0.028862 0.065888
0 0.615943 0.163600 0.074924 0.036290
0 0.823907 0.131271 0.022558 0.042936
0 0.301335 0.232599 0.069903 0.049795
0 0.545154 0.559715 0.020853 0.051449
0 0.812330 0.370804 0.025476 0.081472
0 0.162694 0.204495 0.029922 0.054120
0 0.813431 0.137360 0.044503 0.056070
0 0.227806 0.294863 0.030366 0.028407
0 0.208202 0.298069 0.068674 0.034939
0 0.376425 0.475903 0.086370 0.044613
0 0.907526 0.642352 0.055612 0.103354
0 0.837586 0.170064 0.030502 0.044393
0 0.827816 0.156901 0.066433 0.095273
0 0.833108 0.179177 0.056540 0.062891