0 0.324721 0.489913 0.081394 0.055698
0 0.659174 0.144590 0.057871 0.053384
0 0.286600 0.289067 0.077866 0.047906
0 0.866757 0.159249 0.017275 0.066555
0 0.513621 0.689609 0.065986 0.067352
0 0.029404 0.604108 0.058269 0.052162
0 0.712942 0.688024 0.053964 0.073149
0 0.863505 0.634966 0.063062 0.054530
0 0.545129 0.563209 0.027644 0.073930
0 0.849511 0.144970 0.052380 0.095857
0 0.841293 0.127587 0.053826 0.061548
0 0.214091 0.207519 0.056619 0.039697
0 0.381514 0.207098 0.084273 0.062572
0 0.013746 0.628744 0.026865 0.101085