0 0.747295 0.510171 0.074412 0.047170
0 0.244259 0.852546 0.062178 0.090250
0 0.176484 0.415387 0.069030 0.055417
0 0.485311 0.906787 0.020324 0.082026
0 0.791978 0.238403 0.112100 0.102557
0 0.159575 0.315133 0.050416 0.059234
0 0.086399 0.762709 0.080492 0.101138
0 0.513031 0.247322 0.068536 0.041927
0 0.513798 0.205770 0.055944 0.041753
0 0.634937 0.594184 0.026470 0.069476
0 0.568651 0.264932 0.181255 0.078892
0 0.515337 0.227223 0.072212 0.084613
0 0.768265 0.224241 0.065379 0.058907
0 0.987837 0.588555 0.024210 0.051859