0 0.872771 0.265360 0.040327 0.074014
0 0.123828 0.285444 0.037516 0.059476
0 0.251851 0.434412 0.047207 0.052436
0 0.420380 0.176203 0.034584 0.083118
0 0.822335 0.931643 0.055513 0.073998
0 0.692089 0.839283 0.051062 0.119901
0 0.572160 0.263190 0.071062 0.030599
0 0.549727 0.591696 0.063052 0.054332
0 0.533387 0.179025 0.046930 0.073240
0 0.774307 0.700888 0.045460 0.064173
0 0.808130 0.931874 0.027573 0.073217
0 0.471005 0.861483 0.070892 0.065774
0 0.692724 0.810167 0.049935 0.061017
0 0.136012 0.296756 0.062573 0.082329
0 0.071365 0.245209 0.046198 0.074484
0 0.532355 0.169966 0.023988 0.054924
0 0.765022 0.912591 0.019323 0.107625
0 0.944066 0.592614 0.070434 0.071267