0 0.600298 0.195417 0.048149 0.067086
0 0.453801 0.536381 0.062534 0.055281
0 0.190358 0.277496 0.061611 0.033672
0 0.356021 0.228623 0.061138 0.030933
0 0.587316 0.106601 0.058899 0.070395
0 0.591328 0.149818 0.065978 0.158467
0 0.695054 0.525952 0.083522 0.115926
0 0.191306 0.234135 0.052743 0.042352
0 0.018454 0.829537 0.036030 0.052640
0 0.113205 0.818183 0.050154 0.054636
0 0.454702 0.503869 0.064733 0.120895
0 0.701595 0.559230 0.057291 0.056593
0 0.183707 0.215649 0.068522 0.079127
0 0.205764 0.864488 0.036773 0.052132