0 0.540179 0.713657 0.053794 0.054552
0 0.633623 0.190322 0.068632 0.049264
0 0.678309 0.652291 0.037926 0.042929
0 0.858866 0.158206 0.021530 0.071191
0 0.504810 0.240929 0.042879 0.052754
0 0.836632 0.098502 0.026867 0.046153
0 0.818966 0.109522 0.066022 0.068498
0 0.388831 0.248824 0.063353 0.031806
0 0.422516 0.214480 0.061459 0.038096
0 0.834687 0.134719 0.070944 0.118756
0 0.845513 0.111074 0.046747 0.072208
0 0.140660 0.501328 0.048528 0.031077
0 0.146976 0.508448 0.069202 0.050857
0 0.166345 0.163983 0.015562 0.041184
0 0.718643 0.517932 0.068536 0.042284
0 0.014234 0.652557 0.028117 0.052155