0 0.815973 0.628797 0.060601 0.045956
0 0.257887 0.204541 0.052976 0.038156
0 0.285641 0.503759 0.082327 0.057822
0 0.188010 0.258539 0.061695 0.040326
0 0.671803 0.714928 0.081054 0.095091
0 0.277508 0.906229 0.070345 0.082580
0 0.029701 0.632891 0.058041 0.091381
0 0.475301 0.706563 0.067317 0.068437
0 0.444022 0.208680 0.071444 0.045584
0 0.691965 0.144678 0.069171 0.070205
0 0.014307 0.633103 0.027448 0.091351
0 0.559270 0.559439 0.057160 0.062428
0 0.032674 0.609818 0.049673 0.045994
0 0.331308 0.288528 0.047620 0.050910
0 0.856797 0.113361 0.023415 0.040061