0 0.289860 0.830243 0.049297 0.067678
0 0.862402 0.299715 0.057565 0.073103
0 0.411016 0.188866 0.056650 0.080827
0 0.402533 0.855588 0.062267 0.089795
0 0.634950 0.453092 0.074597 0.107610
0 0.552188 0.584002 0.075965 0.058187
0 0.784455 0.231343 0.021938 0.065873
0 0.325055 0.282481 0.069372 0.046829
0 0.302924 0.835095 0.022510 0.056897
0 0.524272 0.154222 0.038763 0.050964
0 0.277848 0.926976 0.029184 0.057898
0 0.185862 0.705482 0.070787 0.072921
0 0.125829 0.272049 0.039937 0.070607
0 0.350200 0.817705 0.166828 0.150751
0 0.207988 0.172386 0.017110 0.032997