0 0.784914 0.544287 0.107139 0.067587
0 0.855641 0.309120 0.044195 0.065888
0 0.450085 0.476301 0.062560 0.044439
0 0.249915 0.265019 0.035751 0.065364
0 0.572697 0.791563 0.084281 0.121184
0 0.334721 0.205372 0.051608 0.078027
0 0.425183 0.914200 0.049064 0.074848
0 0.438887 0.181533 0.066216 0.059924
0 0.349141 0.894723 0.052304 0.110463
0 0.572965 0.822432 0.083332 0.052011
0 0.048185 0.749954 0.082646 0.081472
0 0.786560 0.798900 0.065887 0.124659
0 0.926664 0.591836 0.045740 0.046115
0 0.328647 0.197007 0.027079 0.059188