0 0.167631 0.260550 0.067197 0.038338
0 0.245847 0.204549 0.053274 0.037109
0 0.291817 0.498987 0.069242 0.067762
0 0.427106 0.208612 0.072257 0.042489
0 0.690651 0.142424 0.044378 0.085410
0 0.825059 0.626043 0.053831 0.047610
0 0.184038 0.260205 0.034074 0.035357
0 0.871119 0.161256 0.021600 0.047944
0 0.855506 0.114996 0.025379 0.042709
0 0.028417 0.633695 0.055442 0.092382
0 0.014221 0.633437 0.027348 0.092246
0 0.860438 0.140247 0.044480 0.092375
0 0.031610 0.608657 0.049166 0.042640
0 0.688817 0.699803 0.073041 0.050956
0 0.322435 0.292390 0.033326 0.043748
0 0.146502 0.196673 0.044480 0.038490