0 0.544835 0.551715 0.025465 0.082231
0 0.028235 0.626521 0.056569 0.102542
0 0.894565 0.257815 0.037508 0.063217
0 0.265531 0.239533 0.072359 0.045653
0 0.581438 0.699237 0.077835 0.068672
0 0.397886 0.469503 0.083418 0.039264
0 0.593588 0.174973 0.072118 0.052891
0 0.187780 0.299086 0.013541 0.032329
0 0.140799 0.243714 0.018465 0.040311
0 0.810879 0.183672 0.062202 0.063065
0 0.456739 0.425831 0.007892 0.021874
0 0.329423 0.434966 0.010196 0.036639
0 0.283702 0.235326 0.036253 0.036373
0 0.135607 0.252781 0.044566 0.104090