0 0.890617 0.259431 0.046674 0.070774
0 0.576090 0.678619 0.070335 0.073141
0 0.605643 0.168266 0.070439 0.044894
0 0.542988 0.554666 0.025060 0.079454
0 0.285539 0.235193 0.065314 0.048171
0 0.386611 0.469385 0.085345 0.038149
0 0.815275 0.159530 0.069843 0.092838
0 0.930604 0.665892 0.047437 0.062117
0 0.138321 0.226794 0.056491 0.093042
0 0.803881 0.140952 0.042296 0.055425
0 0.192711 0.298209 0.072445 0.033460
0 0.815221 0.136502 0.021880 0.045781
0 0.028539 0.628001 0.057372 0.101737
0 0.811722 0.367781 0.025055 0.080175
0 0.292590 0.228706 0.021043 0.035850
0 0.822863 0.147117 0.041956 0.066798