0 0.384865 0.249909 0.079689 0.049044
0 0.166454 0.218703 0.035826 0.087223
0 0.645700 0.185808 0.063695 0.048566
0 0.514107 0.557709 0.033836 0.075812
0 0.578685 0.462993 0.086423 0.083725
0 0.123035 0.274169 0.052633 0.068945
0 0.089574 0.543179 0.053457 0.035994
0 0.649582 0.203300 0.074911 0.083642
0 0.905710 0.319355 0.050672 0.064112
0 0.915745 0.259708 0.039571 0.051480
0 0.661461 0.219378 0.033570 0.042549
0 0.627486 0.840463 0.059579 0.094932
0 0.770936 0.735254 0.054963 0.157564
0 0.578566 0.442686 0.085343 0.041836
0 0.649817 0.230023 0.074493 0.057602