0 0.399702 0.195417 0.048149 0.067086
0 0.546199 0.536381 0.062534 0.055281
0 0.809642 0.277496 0.061611 0.033672
0 0.643979 0.228623 0.061138 0.030933
0 0.412684 0.106601 0.058899 0.070395
0 0.408672 0.149818 0.065978 0.158467
0 0.304946 0.525952 0.083522 0.115926
0 0.808694 0.234135 0.052743 0.042352
0 0.981546 0.829537 0.036030 0.052640
0 0.886795 0.818183 0.050154 0.054636
0 0.545298 0.503869 0.064733 0.120895
0 0.298405 0.559230 0.057291 0.056593
0 0.816293 0.215649 0.068522 0.079127
0 0.794236 0.864488 0.036773 0.052132