0 0.459774 0.179750 0.069621 0.050197
0 0.835009 0.238589 0.097032 0.115250
0 0.016433 0.694165 0.032992 0.079423
0 0.077418 0.239401 0.053277 0.076995
0 0.551072 0.471760 0.081789 0.052974
0 0.885224 0.331775 0.060431 0.089393
0 0.086213 0.250470 0.036093 0.053369
0 0.243376 0.174791 0.079482 0.090888
0 0.969814 0.609848 0.057699 0.077041
0 0.982280 0.596434 0.034770 0.051168
0 0.456540 0.557678 0.025722 0.061927
0 0.933037 0.862011 0.061692 0.198634
0 0.127802 0.717086 0.085798 0.105205
0 0.860365 0.227075 0.039835 0.091783